Scenario 1: P(Detection) = 0.75;  P(FA) = 0.05; Bags/Hr = 600; #EDS = 3

                 PX        PX         PX      Bags      Bags      Bags
     Flight    Arrived   Boarded    Missed   Arrived   Loaded    Missed

         2       419       388        31      1036      1010        26
        12       144       139         5       383       365        18
        25       115       112         3       320       313         7
        44       278       275         3       721       707        14
        45       278       270         8       749       720        29
       172       152       152         0       396       390         6
       322       138       138         0       363       356         7
       356       151       146         5       349       322        27
       702       252       247         5       673       651        22
       772       135       129         6       361       346        15
      1702       310       297        13       766       762         4
      1804       353       350         3       963       950        13
      1840       412       388        24      1099      1077        22
      1880       330       330         0       832       841        -9
      1884       355       349         6       940       925        15
                ----      ----      ----      ----      ----      ----
     Total      3822      3710       112      9951      9735       216


